0.00 NaN
76.50 1.16
51.20 1.29
33.70 1.28
81.40 1.13
4.10 0.49
27.30 1.25
102.10 0.98
5.00 0.60
6.10 0.82
7.20 0.83
92.30 1.05
21.30 1.17
69.50 1.19
97.20 1.01
34.90 1.32
74.10 1.17
17.00 1.06
13.60 1.03
12.30 0.98
48.40 1.32
29.60 1.28
101.00 0.99
36.10 1.33
17.10 1.05
46.00 1.33
3.60 0.56
96.10 1.02
86.30 1.09
42.60 1.31
91.20 1.06
11.40 0.96
55.10 1.27
58.50 1.25
37.30 1.31
68.10 1.20
23.60 1.23
74.40 1.18
60.90 1.23
88.50 1.07
9.50 0.84
28.70 1.25
93.40 1.05
54.90 1.28
1.70 0.59
73.20 1.17
78.70 1.14
22.70 1.23
83.60 1.11
31.00 1.26
104.30 0.96
68.40 1.20
82.50 1.13
4.00 0.50
49.10 1.32
25.00 1.24
61.60 1.23
87.40 1.09
19.00 1.11
3.50 0.57
67.20 1.22
103.20 0.97
42.40 1.32
32.50 1.26
62.80 1.23
50.30 1.29
63.70 1.22
77.60 1.16
8.20 0.85
98.30 1.01
40.00 1.30
13.10 0.99
78.10 1.15
11.80 0.93
83.00 1.12
52.50 1.28
72.70 1.18
24.10 1.24
103.70 0.96
93.90 1.04
67.60 1.21
43.10 1.30
98.80 1.00
48.90 1.31
61.40 1.24
32.00 1.25
55.60 1.26
26.40 1.25
44.30 1.33
102.60 0.97
18.40 1.09
56.80 1.27
3.10 0.64
33.20 1.27
77.00 1.17
76.00 1.17
97.70 1.01
57.70 1.25
66.70 1.21
14.00 1.00
87.90 1.08
45.20 1.33
92.80 1.05
34.40 1.31
20.40 1.18
90.10 1.07
63.30 1.23
25.50 1.22
95.00 1.03
38.50 1.32
70.30 1.19
70.00 1.20
4.60 0.65
49.60 1.31
46.50 1.31
80.30 1.15
74.90 1.17
15.70 1.08
5.50 0.73
7.70 0.78
27.80 1.26
51.70 1.30
85.20 1.10
9.00 0.78
19.50 1.13
105.90 0.94
59.00 1.24
6.60 0.76
50.80 1.30
84.10 1.11
21.80 1.19
89.00 1.08
64.30 1.21
39.20 1.33
64.00 1.22
104.80 0.95
1.80 0.56
68.90 1.20
17.60 1.08
30.10 1.26
79.20 1.15
99.90 0.99
20.90 1.20
44.80 1.32
45.70 1.31
79.70 1.14
18.20 1.10
66.20 1.21
58.20 1.24
84.60 1.10
105.30 0.95
95.50 1.03
29.20 1.27
100.40 1.00
1.20 0.00
104.20 0.96
23.20 1.21
2.60 0.77
78.60 1.15
99.30 1.00
31.50 1.27
39.00 1.31
89.50 1.07
41.40 1.30
53.90 1.28
51.50 1.30
62.10 1.24
94.40 1.04
71.30 1.19
91.70 1.06
17.40 1.09
60.40 1.24
16.00 1.06
96.60 1.01
75.10 1.17
22.30 1.21
35.60 1.32
30.60 1.27
47.90 1.32
16.60 1.08
81.90 1.12
10.90 0.92
24.60 1.26
65.30 1.21
86.80 1.08
36.80 1.30
85.70 1.10
70.50 1.19
6.00 0.67
11.30 0.97
12.60 0.95
56.10 1.27
90.60 1.06
69.10 1.20
13.00 1.00
75.40 1.17
38.00 1.32
15.20 1.05
43.60 1.31
106.40 0.94
57.30 1.26
80.80 1.14
26.90 1.26
101.50 0.99
81.30 1.13
36.30 1.32
64.50 1.21
58.00 1.24
45.50 1.32
86.20 1.09
0.70 0.00
69.40 1.20
50.10 1.30
26.00 1.23
62.60 1.23
70.80 1.19
37.50 1.31
54.40 1.29
102.00 0.98
7.10 0.85
41.90 1.31
76.40 1.16
97.10 1.01
74.60 1.18
63.80 1.22
38.70 1.32
51.30 1.29
105.80 0.95
80.20 1.15
2.10 0.48
20.00 1.10
100.90 0.99
39.70 1.31
91.10 1.06
28.30 1.27
64.80 1.22
96.00 1.02
3.80 0.53
8.50 0.82
9.80 0.82
52.20 1.28
56.60 1.27
93.30 1.05
10.80 0.93
68.60 1.20
98.20 1.01
12.10 0.91
27.40 1.24
13.50 0.96
19.10 1.10
44.10 1.32
32.70 1.25
52.00 1.29
57.80 1.25
83.50 1.11
21.40 1.21
88.40 1.07
39.50 1.32
2.40 0.42
45.30 1.32
46.20 1.32
33.90 1.30
87.30 1.09
72.20 1.19
58.70 1.24
16.50 1.09
92.20 1.05
29.70 1.28
14.70 1.02
23.70 1.22
35.10 1.31
10.40 0.96
77.50 1.16
18.70 1.07
82.40 1.13
17.90 1.06
103.10 0.97
72.60 1.18
82.90 1.12
33.40 1.29
46.90 1.32
28.80 1.28
59.40 1.25
87.80 1.08
74.00 1.18
52.70 1.27
40.20 1.29
34.60 1.30
8.00 0.87
103.60 0.97
9.30 0.86
18.50 1.08
22.80 1.23
78.00 1.15
98.70 1.00
5.40 0.74
31.10 1.25
66.60 1.22
6.50 0.77
7.60 0.79
35.80 1.31
41.10 1.29
76.90 1.17
81.80 1.12
68.00 1.21
53.60 1.27
102.50 0.98
92.70 1.05
42.30 1.30
72.90 1.18
25.10 1.24
97.60 1.01
37.00 1.32
3.30 0.61
54.80 1.28
44.50 1.33
94.90 1.03
59.20 1.23
99.80 0.99
60.10 1.23
24.20 1.24
46.70 1.31
57.00 1.26
17.70 1.07
47.60 1.30
85.10 1.10
61.30 1.24
40.90 1.30
66.90 1.21
11.20 0.89
90.00 1.07
15.50 1.03
71.70 1.19
53.40 1.27
88.90 1.08
93.80 1.04
26.50 1.25
48.80 1.31
20.50 1.17
13.80 1.01
32.20 1.27
79.10 1.15
15.10 1.06
75.30 1.17
84.00 1.11
104.70 0.96
65.70 1.22
41.60 1.30
55.30 1.27
25.60 1.21
84.50 1.10
16.10 1.06
89.40 1.07
2.80 0.71
42.80 1.31
63.50 1.23
105.20 0.95
1.10 0.00
19.60 1.12
51.00 1.29
66.10 1.21
79.60 1.14
100.30 1.00
27.90 1.25
78.50 1.15
74.50 1.18
32.90 1.28
83.40 1.12
104.10 0.96
94.30 1.04
71.20 1.19
99.20 1.00
34.10 1.29
21.90 1.19
30.20 1.29
68.50 1.20
21.00 1.19
38.20 1.31
10.70 0.93
101.40 0.99
12.90 1.01
73.40 1.19
96.50 1.02
74.80 1.18
14.60 1.03
86.70 1.08
65.20 1.21
91.60 1.06
13.30 0.98
29.30 1.26
23.30 1.24
90.50 1.06
47.40 1.31
57.50 1.25
59.90 1.24
45.00 1.33
5.90 0.68
7.00 0.71
95.40 1.03
67.40 1.22
54.10 1.28
68.80 1.21
80.70 1.14
31.60 1.27
53.20 1.28
8.80 0.80
85.60 1.10
106.30 0.94
40.70 1.30
75.80 1.17
86.10 1.09
52.40 1.28
16.70 1.08
91.00 1.07
39.90 1.30
2.30 0.43
22.40 1.21
64.70 1.22
30.70 1.27
76.30 1.17
14.50 1.03
81.20 1.13
59.70 1.24
101.90 0.98
4.40 0.68
48.10 1.31
69.80 1.19
80.10 1.15
60.60 1.24
24.70 1.26
47.20 1.31
85.00 1.09
105.70 0.95
61.80 1.23
95.90 1.02
49.30 1.32
100.80 0.99
27.00 1.26
0.90 0.00
17.50 1.09
50.00 1.30
103.00 0.97
35.30 1.30
53.70 1.27
77.40 1.16
98.10 1.01
88.30 1.08
8.30 0.84
9.60 0.83
54.60 1.28
62.50 1.23
93.20 1.05
46.40 1.31
36.50 1.32
41.20 1.29
42.10 1.31
26.10 1.23
75.00 1.17
92.10 1.05
10.20 0.88
20.10 1.09
73.90 1.18
55.80 1.27
97.00 1.01
37.70 1.33
43.30 1.32
12.40 0.97
73.60 1.18
82.30 1.12
28.40 1.27
38.90 1.31
87.20 1.09
69.00 1.20
87.70 1.08
48.60 1.32
67.90 1.21
19.20 1.09
92.60 1.05
37.20 1.32
61.10 1.23
27.50 1.27
77.90 1.16
49.80 1.31
1.60 0.62
69.30 1.20
82.80 1.12
11.90 0.92
44.00 1.32
62.30 1.24
38.40 1.30
103.50 0.97
81.70 1.13
73.10 1.18
18.80 1.06
21.50 1.21
56.50 1.27
86.60 1.09
58.90 1.24
4.50 0.67
29.80 1.28
7.50 0.80
6.40 0.78
23.80 1.22
102.40 0.98
5.30 0.75
14.10 0.99
76.80 1.17
12.80 1.02
97.50 1.01
104.60 0.96
43.80 1.32
67.10 1.21
28.90 1.28
32.40 1.27
79.00 1.15
56.30 1.28
99.70 0.99
89.90 1.07
22.90 1.22
94.80 1.03
33.60 1.28
1.50 0.67
93.70 1.05
31.20 1.25
98.60 1.00
40.40 1.31
34.80 1.29
70.70 1.19
25.20 1.23
83.90 1.11
47.70 1.32
18.00 1.06
75.50 1.17
15.00 1.07
88.80 1.07
60.20 1.25
52.90 1.27
63.00 1.22
17.20 1.05
50.50 1.31
36.00 1.33
89.30 1.08
17.80 1.07
30.30 1.29
33.10 1.27
61.50 1.24
52.10 1.29
72.50 1.19
94.20 1.04
49.00 1.31
71.10 1.20
34.30 1.28
53.30 1.28
45.40 1.32
57.90 1.24
79.50 1.14
39.60 1.31
24.30 1.23
84.40 1.10
105.10 0.95
35.50 1.32
40.80 1.30
83.30 1.12
76.20 1.17
66.50 1.22
41.70 1.29
88.20 1.08
26.60 1.24
65.10 1.21
54.20 1.27
71.40 1.19
9.10 0.88
36.70 1.31
104.00 0.96
20.60 1.17
78.40 1.15
99.10 1.00
59.80 1.24
106.20 0.94
70.20 1.20
80.60 1.14
15.30 1.05
25.70 1.25
47.30 1.31
65.40 1.21
101.30 0.99
91.50 1.06
10.10 0.89
16.20 1.05
19.70 1.12
55.50 1.26
60.70 1.24
43.00 1.30
96.40 1.02
48.20 1.31
73.80 1.18
95.30 1.03
28.00 1.25
64.20 1.21
100.20 0.99
4.90 0.61
5.80 0.69
6.90 0.72
85.50 1.10
90.40 1.06
12.70 0.94
22.00 1.18
14.90 1.07
10.50 0.95
54.70 1.28
90.90 1.07
42.20 1.30
64.60 1.22
27.10 1.25
95.80 1.02
8.60 0.81
81.10 1.13
21.10 1.18
14.40 1.04
86.00 1.09
75.70 1.18
29.40 1.26
51.90 1.29
84.90 1.10
23.40 1.24
62.00 1.23
32.60 1.26
39.40 1.32
49.50 1.31
89.80 1.07
58.60 1.25
105.60 0.95
33.80 1.27
31.70 1.26
80.00 1.14
46.10 1.32
69.70 1.19
73.00 1.18
100.70 0.99
22.50 1.20
37.90 1.32
77.30 1.16
71.90 1.18
82.20 1.12
102.90 0.97
11.00 0.91
93.10 1.04
0.60 0.00
30.80 1.27
98.00 1.01
73.30 1.19
67.00 1.21
18.30 1.09
24.80 1.25
0.30 0.00
65.90 1.21
52.60 1.27
101.80 0.98
40.10 1.30
96.90 1.01
58.40 1.23
87.10 1.09
53.80 1.26
56.00 1.27
92.00 1.05
43.50 1.31
67.30 1.22
41.30 1.28
45.90 1.31
13.90 1.01
92.50 1.05
97.40 1.01
23.90 1.26
74.30 1.17
5.20 0.58
42.00 1.31
82.70 1.12
69.20 1.20
26.20 1.22
46.60 1.31
87.60 1.08
54.50 1.28
59.10 1.24
12.20 0.98
86.50 1.09
20.20 1.09
91.40 1.06
14.80 1.01
47.80 1.32
68.30 1.20
60.30 1.24
61.20 1.23
48.70 1.31
76.70 1.17
6.30 0.79
7.40 0.81
81.60 1.13
28.50 1.26
102.30 0.98
19.30 1.09
35.00 1.31
78.90 1.15
40.60 1.31
83.80 1.11
53.10 1.28
104.50 0.96
1.90 0.53
3.20 0.62
27.60 1.27
94.70 1.03
99.60 0.99
36.20 1.33
73.50 1.18
41.80 1.32
54.30 1.27
55.20 1.27
37.40 1.31
103.40 0.97
50.90 1.30
8.10 0.86
63.40 1.23
9.40 0.85
61.00 1.23
77.80 1.16
21.60 1.20
42.70 1.31
98.50 1.01
48.50 1.32
88.70 1.07
29.90 1.27
4.30 0.70
67.50 1.21
38.60 1.32
72.10 1.19
93.60 1.05
94.10 1.04
67.80 1.21
99.00 1.00
60.80 1.23
48.30 1.33
15.60 1.09
20.70 1.16
36.90 1.30
61.70 1.23
29.00 1.28
84.30 1.10
23.00 1.22
14.30 1.05
49.20 1.32
89.20 1.08
10.00 0.90
38.10 1.31
72.40 1.19
88.10 1.08
13.40 0.97
31.30 1.25
93.00 1.04
42.50 1.32
17.30 1.04
78.30 1.15
44.90 1.34
55.00 1.27
57.40 1.25
83.20 1.12
11.70 0.94
25.30 1.23
66.40 1.22
103.90 0.96
80.50 1.14
30.40 1.28
6.80 0.74
63.90 1.22
3.70 0.54
32.10 1.28
43.20 1.30
8.90 0.79
85.40 1.10
51.40 1.28
106.10 0.94
5.70 0.70
24.40 1.23
71.60 1.19
101.20 0.99
33.30 1.26
96.30 1.02
105.00 0.95
34.50 1.30
79.40 1.15
100.10 0.99
90.30 1.06
65.60 1.22
26.70 1.24
75.20 1.17
47.10 1.32
35.70 1.32
59.60 1.24
95.20 1.03
7.90 0.76
95.70 1.02
75.90 1.17
51.80 1.29
100.60 0.99
25.80 1.24
39.30 1.32
16.30 1.04
34.00 1.29
19.80 1.11
75.60 1.16
85.90 1.09
60.00 1.23
47.50 1.31
90.80 1.07
35.20 1.31
71.00 1.18
89.70 1.07
18.60 1.08
0.10 0.00
12.00 0.92
69.90 1.19
94.60 1.04
28.10 1.28
74.70 1.18
36.40 1.32
22.10 1.22
4.80 0.62
69.60 1.19
79.90 1.14
55.70 1.26
84.80 1.10
105.50 0.95
65.00 1.22
37.60 1.33
27.20 1.25
82.10 1.12
0.40 0.00
2.90 0.69
87.00 1.08
68.70 1.19
2.20 0.45
0.20 0.00
102.80 0.97
77.20 1.17
1.40 0.71
21.20 1.18
97.90 1.01
54.00 1.28
56.40 1.28
29.50 1.29
9.90 0.91
62.20 1.24
72.30 1.19
81.00 1.14
41.50 1.30
49.70 1.31
43.90 1.32
101.70 0.98
91.90 1.06
50.60 1.30
0.80 0.00
96.80 1.01
23.50 1.23
31.80 1.26
32.80 1.28
63.10 1.22
12.50 0.96
7.30 0.82
5.10 0.59
22.60 1.19
74.20 1.17
102.20 0.98
2.00 0.50
14.20 0.99
6.20 0.81
76.60 1.16
62.90 1.22
97.30 1.01
87.50 1.09
16.90 1.07
43.70 1.33
30.90 1.26
92.40 1.05
56.20 1.26
91.30 1.06
32.30 1.27
11.60 0.95
8.40 0.83
68.20 1.20
96.20 1.02
9.70 0.82
4.20 0.48
44.60 1.32
57.10 1.26
24.90 1.24
33.50 1.28
81.50 1.13
48.00 1.31
15.90 1.07
50.40 1.29
71.50 1.19
18.90 1.11
45.80 1.31
86.40 1.09
10.30 0.87
58.30 1.23
83.70 1.11
24.00 1.25
71.80 1.18
62.70 1.23
88.60 1.07
60.50 1.24
44.40 1.33
3.40 0.59
38.80 1.31
50.20 1.29
104.40 0.96
65.50 1.22
2.70 0.74
16.80 1.07
51.10 1.29
63.60 1.23
56.90 1.27
78.80 1.15
99.50 0.99
65.80 1.22
26.30 1.25
77.70 1.16
52.30 1.28
82.60 1.13
39.80 1.31
103.30 0.97
93.50 1.05
98.40 1.01
20.30 1.18
28.60 1.26
70.40 1.19
19.40 1.08
9.20 0.87
45.10 1.33
103.80 0.96
57.60 1.25
78.20 1.15
98.90 1.00
89.10 1.08
4.70 0.64
46.30 1.32
94.00 1.04
58.80 1.24
27.70 1.26
11.10 0.90
64.40 1.21
67.70 1.21
13.70 1.02
92.90 1.04
21.70 1.20
40.50 1.31
42.90 1.31
97.80 1.01
53.00 1.26
55.40 1.26
72.80 1.18
83.10 1.12
30.00 1.27
88.00 1.08
34.70 1.30
85.30 1.10
40.30 1.32
3.90 0.51
90.20 1.06
7.80 0.77
6.70 0.75
52.80 1.27
20.80 1.15
35.90 1.31
29.10 1.27
66.80 1.21
106.00 0.94
18.10 1.05
80.40 1.14
5.60 0.71
101.10 0.99
37.10 1.32
70.60 1.19
79.30 1.15
23.10 1.21
84.20 1.10
31.40 1.27
104.90 0.95
72.00 1.18
2.50 0.80
44.20 1.31
95.10 1.03
38.30 1.31
59.50 1.24
47.00 1.32
56.70 1.27
61.90 1.23
100.00 0.99
25.40 1.22
49.40 1.32
43.40 1.31
55.90 1.27
105.40 0.95
36.60 1.31
30.50 1.28
66.30 1.21
66.00 1.21
79.80 1.14
100.50 1.00
90.70 1.07
37.80 1.32
70.90 1.18
95.60 1.03
24.50 1.22
63.20 1.22
94.50 1.04
50.70 1.30
99.40 1.00
26.80 1.27
39.10 1.30
84.70 1.10
11.50 0.96
64.90 1.22
89.60 1.07
76.10 1.17
51.60 1.30
31.90 1.25
86.90 1.08
13.20 0.98
53.50 1.27
41.00 1.29
91.80 1.06
15.40 1.04
49.90 1.30
62.40 1.23
57.20 1.26
58.10 1.24
33.00 1.27
77.10 1.17
25.90 1.24
82.00 1.12
70.10 1.20
44.70 1.32
102.70 0.97
15.80 1.08
80.90 1.14
0.50 0.00
8.70 0.80
45.60 1.32
34.20 1.29
59.30 1.25
85.80 1.10
19.90 1.11
28.20 1.28
46.80 1.32
1.00 0.00
35.40 1.33
1.30 0.77
22.20 1.22
101.60 0.98
16.40 1.04
3.00 0.67
10.60 0.94
64.10 1.22
73.70 1.18
96.70 1.01
