1,2,20,100,10,11,91,12,92
2,1,3,11,91,12,92,13,93
3,2,4,12,92,13,93,14,94
4,3,5,13,93,14,94,15,95
5,16,96,4,6,14,94,15,95
6,16,96,17,97,5,7,15,95
7,16,96,17,97,18,98,6,8
8,17,97,18,98,19,99,7,9
9,18,98,19,99,20,100,8,10
10,19,99,20,100,9
11,1,2,20,21,22,10,12,30
12,1,2,3,21,22,23,11,13
13,2,3,4,22,23,24,12,14
14,3,4,5,23,24,25,13,15
15,16,4,5,6,24,25,26,14
16,17,5,6,7,25,26,27,15
17,16,18,6,7,8,26,27,28
18,17,19,7,8,9,27,28,29
19,18,20,8,9,10,28,29,30
20,19,9,10,29,30
21,32,20,22,40,11,12,30,31
22,32,33,21,23,11,12,13,31
23,32,33,34,22,24,12,13,14
24,33,34,35,23,25,13,14,15
25,16,34,35,36,24,26,14,15
26,16,17,35,36,37,25,27,15
27,16,17,18,36,37,38,26,28
28,17,18,19,37,38,39,27,29
29,18,19,20,38,39,40,28,30
30,19,20,39,40,29
31,32,50,21,22,40,41,42,30
32,33,21,22,23,41,42,43,31
33,32,34,22,23,24,42,43,44
34,33,35,23,24,25,43,44,45
35,34,36,24,25,26,44,45,46
36,35,37,25,26,27,45,46,47
37,48,36,38,26,27,28,46,47
38,48,49,37,39,27,28,29,47
39,48,49,50,38,40,28,29,30
40,49,50,39,29,30
41,32,50,51,52,40,42,60,31
42,32,33,51,52,53,41,43,31
43,32,33,34,52,53,54,42,44
44,33,34,35,53,54,55,43,45
45,34,35,36,54,55,56,44,46
46,35,36,37,55,56,57,45,47
47,48,36,37,38,56,57,58,46
48,49,37,38,39,57,58,59,47
49,48,50,38,39,40,58,59,60
50,49,39,40,59,60
51,50,52,70,41,42,60,61,62
52,51,53,41,42,43,61,62,63
53,64,52,54,42,43,44,62,63
54,64,65,53,55,43,44,45,63
55,64,65,66,54,56,44,45,46
56,65,66,67,55,57,45,46,47
57,48,66,67,68,56,58,46,47
58,48,49,67,68,69,57,59,47
59,48,49,50,68,69,70,58,60
60,49,50,69,70,59
61,80,51,52,70,71,72,60,62
62,51,52,53,71,72,73,61,63
63,64,52,53,54,72,73,74,62
64,65,53,54,55,73,74,75,63
65,64,66,54,55,56,74,75,76
66,65,67,55,56,57,75,76,77
67,66,68,56,57,58,76,77,78
68,67,69,57,58,59,77,78,79
69,80,68,70,58,59,60,78,79
70,80,69,59,60,79
71,80,81,82,70,72,90,61,62
72,81,82,83,71,73,61,62,63
73,64,82,83,84,72,74,62,63
74,64,65,83,84,85,73,75,63
75,64,65,66,84,85,86,74,76
76,65,66,67,85,86,87,75,77
77,66,67,68,86,87,88,76,78
78,67,68,69,87,88,89,77,79
79,80,68,69,70,88,89,90,78
80,69,70,89,90,79
81,80,82,100,71,72,90,91,92
82,81,83,71,72,73,91,92,93
83,82,84,72,73,74,92,93,94
84,83,85,73,74,75,93,94,95
85,96,84,86,74,75,76,94,95
86,96,97,85,87,75,76,77,95
87,96,97,98,86,88,76,77,78
88,97,98,99,87,89,77,78,79
89,80,98,99,100,88,90,78,79
90,80,99,100,89,79
91,81,82,100,90,92
92,81,82,83,91,93
93,82,83,84,92,94
94,83,84,85,93,95
95,96,84,85,86,94
96,97,85,86,87,95
97,96,98,86,87,88
98,97,99,87,88,89
99,98,100,88,89,90
100,99,89,90
