100

1 0.0 0.0 0 1.0 0 0 255 
2 0.0 10.0 0 1.0 0 0 255 
3 0.0 20.0 0 1.0 0 0 255 
4 0.0 30.0 0 1.0 0 0 255 
5 0.0 40.0 0 1.0 0 0 255 
6 0.0 50.0 0 1.0 0 0 255 
7 0.0 60.0 0 1.0 0 0 255 
8 0.0 70.0 0 1.0 0 0 255 
9 0.0 80.0 0 1.0 0 0 255 
10 0.0 90.0 0 1.0 0 0 255 
11 10.0 0.0 0 1.0 0 0 255 
12 10.0 10.0 0 1.0 0 0 255 
13 10.0 20.0 0 1.0 0 0 255 
14 10.0 30.0 0 1.0 0 0 255 
15 10.0 40.0 0 1.0 0 0 255 
16 10.0 50.0 0 1.0 0 0 255 
17 10.0 60.0 0 1.0 0 0 255 
18 10.0 70.0 0 1.0 0 0 255 
19 10.0 80.0 0 1.0 0 0 255 
20 10.0 90.0 0 1.0 0 0 255 
21 20.0 0.0 0 1.0 0 0 255 
22 20.0 10.0 0 1.0 0 0 255 
23 20.0 20.0 0 1.0 0 0 255 
24 20.0 30.0 0 1.0 0 0 255 
25 20.0 40.0 0 1.0 0 0 255 
26 20.0 50.0 0 1.0 0 0 255 
27 20.0 60.0 0 1.0 0 0 255 
28 20.0 70.0 0 1.0 0 0 255 
29 20.0 80.0 0 1.0 0 0 255 
30 20.0 90.0 0 1.0 0 0 255 
31 30.0 0.0 0 1.0 0 0 255 
32 30.0 10.0 0 1.0 0 0 255 
33 30.0 20.0 0 1.0 0 0 255 
34 30.0 30.0 0 1.0 0 0 255 
35 30.0 40.0 0 1.0 0 0 255 
36 30.0 50.0 0 1.0 0 0 255 
37 30.0 60.0 0 1.0 0 0 255 
38 30.0 70.0 0 1.0 0 0 255 
39 30.0 80.0 0 1.0 0 0 255 
40 30.0 90.0 0 1.0 0 0 255 
41 40.0 0.0 0 1.0 0 0 255 
42 40.0 10.0 0 1.0 0 0 255 
43 40.0 20.0 0 1.0 0 0 255 
44 40.0 30.0 0 1.0 0 0 255 
45 40.0 40.0 0 1.0 0 0 255 
46 40.0 50.0 0 1.0 0 0 255 
47 40.0 60.0 0 1.0 0 0 255 
48 40.0 70.0 0 1.0 0 0 255 
49 40.0 80.0 0 1.0 0 0 255 
50 40.0 90.0 0 1.0 0 0 255 
51 50.0 0.0 0 1.0 0 0 255 
52 50.0 10.0 0 1.0 0 0 255 
53 50.0 20.0 0 1.0 0 0 255 
54 50.0 30.0 0 1.0 0 0 255 
55 50.0 40.0 0 1.0 0 0 255 
56 50.0 50.0 0 1.0 0 0 255 
57 50.0 60.0 0 1.0 0 0 255 
58 50.0 70.0 0 1.0 0 0 255 
59 50.0 80.0 0 1.0 0 0 255 
60 50.0 90.0 0 1.0 0 0 255 
61 60.0 0.0 0 1.0 0 0 255 
62 60.0 10.0 0 1.0 0 0 255 
63 60.0 20.0 0 1.0 0 0 255 
64 60.0 30.0 0 1.0 0 0 255 
65 60.0 40.0 0 1.0 0 0 255 
66 60.0 50.0 0 1.0 0 0 255 
67 60.0 60.0 0 1.0 0 0 255 
68 60.0 70.0 0 1.0 0 0 255 
69 60.0 80.0 0 1.0 0 0 255 
70 60.0 90.0 0 1.0 0 0 255 
71 70.0 0.0 0 1.0 0 0 255 
72 70.0 10.0 0 1.0 0 0 255 
73 70.0 20.0 0 1.0 0 0 255 
74 70.0 30.0 0 1.0 0 0 255 
75 70.0 40.0 0 1.0 0 0 255 
76 70.0 50.0 0 1.0 0 0 255 
77 70.0 60.0 0 1.0 0 0 255 
78 70.0 70.0 0 1.0 0 0 255 
79 70.0 80.0 0 1.0 0 0 255 
80 70.0 90.0 0 1.0 0 0 255 
81 80.0 0.0 0 1.0 0 0 255 
82 80.0 10.0 0 1.0 0 0 255 
83 80.0 20.0 0 1.0 0 0 255 
84 80.0 30.0 0 1.0 0 0 255 
85 80.0 40.0 0 1.0 0 0 255 
86 80.0 50.0 0 1.0 0 0 255 
87 80.0 60.0 0 1.0 0 0 255 
88 80.0 70.0 0 1.0 0 0 255 
89 80.0 80.0 0 1.0 0 0 255 
90 80.0 90.0 0 1.0 0 0 255 
91 90.0 0.0 0 1.0 0 0 255 
92 90.0 10.0 0 1.0 0 0 255 
93 90.0 20.0 0 1.0 0 0 255 
94 90.0 30.0 0 1.0 0 0 255 
95 90.0 40.0 0 1.0 0 0 255 
96 90.0 50.0 0 1.0 0 0 255 
97 90.0 60.0 0 1.0 0 0 255 
98 90.0 70.0 0 1.0 0 0 255 
99 90.0 80.0 0 1.0 0 0 255 
100 90.0 90.0 0 1.0 0 0 255 
